936.415000 331.095000 -77.355000 104.576000 21.860000 91.210000
936.424681 331.096515 -77.358248 104.576002 21.860000 91.210000
936.444043 331.099545 -77.364744 104.576005 21.860001 91.210001
936.473085 331.104090 -77.374488 104.576010 21.860002 91.210002
936.511803 331.110150 -77.387478 104.576017 21.860003 91.210003
936.560197 331.117723 -77.403714 104.576026 21.860005 91.210005
936.618261 331.126809 -77.423194 104.576037 21.860007 91.210007
936.685993 331.137406 -77.445917 104.576049 21.860010 91.210010
936.763388 331.149514 -77.471882 104.576063 21.860013 91.210013
936.850442 331.163127 -77.501084 104.576078 21.860016 91.210016
936.947147 331.178246 -77.533523 104.576096 21.860019 91.210019
937.053500 331.194863 -77.569194 104.576115 21.860023 91.210023
937.169493 331.212973 -77.608093 104.576136 21.860027 91.210027
937.295118 331.232573 -77.650217 104.576158 21.860032 91.210032
937.430370 331.253654 -77.695559 104.576183 21.860037 91.210037
937.575243 331.276198 -77.744113 104.576209 21.860042 91.210042
937.729728 331.300199 -77.795873 104.576236 21.860047 91.210047
937.893818 331.325642 -77.850831 104.576266 21.860053 91.210053
938.067504 331.352510 -77.908978 104.576297 21.860059 91.210059
938.250781 331.380782 -77.970304 104.576330 21.860066 91.210066
938.443640 331.410437 -78.034798 104.576365 21.860073 91.210073
938.646077 331.441436 -78.102443 104.576401 21.860080 91.210080
938.858084 331.473751 -78.173227 104.576440 21.860088 91.210088
939.079654 331.507355 -78.247137 104.576480 21.860096 91.210096
939.310780 331.542209 -78.324153 104.576522 21.860104 91.210104
939.551465 331.578233 -78.404248 104.576565 21.860113 91.210113
939.801694 331.615424 -78.487413 104.576610 21.860122 91.210122
940.061477 331.653664 -78.573605 104.576657 21.860131 91.210132
940.330798 331.692941 -78.662816 104.576706 21.860141 91.210141
940.609668 331.733133 -78.754998 104.576757 21.860151 91.210151
940.898083 331.774174 -78.850126 104.576810 21.860162 91.210162
941.196041 331.815980 -78.948164 104.576864 21.860173 91.210173
941.503549 331.858439 -79.049069 104.576920 21.860184 91.210184
941.820611 331.901425 -79.152794 104.576978 21.860196 91.210196
942.147240 331.944796 -79.259283 104.577038 21.860208 91.210208
942.483437 331.988427 -79.368488 104.577100 21.860220 91.210220
942.829218 332.032137 -79.480340 104.577164 21.860233 91.210233
943.184596 332.075750 -79.594774 104.577230 21.860246 91.210246
943.549581 332.119081 -79.711717 104.577298 21.860260 91.210260
943.924189 332.161924 -79.831092 104.577368 21.860274 91.210274
944.308440 332.204024 -79.952802 104.577441 21.860288 91.210288
944.702367 332.245059 -80.076727 104.577515 21.860303 91.210303
945.105970 332.284839 -80.202792 104.577591 21.860318 91.210318
945.519302 332.322883 -80.330819 104.577670 21.860334 91.210334
945.942365 332.358946 -80.460711 104.577752 21.860350 91.210350
946.375188 332.392602 -80.592304 104.577835 21.860367 91.210367
946.817815 332.423280 -80.725384 104.577921 21.860384 91.210384
947.270256 332.450550 -80.859781 104.578010 21.860402 91.210402
947.732532 332.473829 -80.995267 104.578102 21.860420 91.210420
948.204659 332.492464 -81.131586 104.578196 21.860439 91.210439
948.686641 332.505739 -81.268454 104.578294 21.860459 91.210459
949.178489 332.512681 -81.405483 104.578394 21.860479 91.210479
949.680156 332.512514 -81.542352 104.578498 21.860500 91.210500
950.191593 332.504140 -81.678607 104.578605 21.860521 91.210521
950.712712 332.486279 -81.813715 104.578716 21.860543 91.210543
951.243365 332.457533 -81.947074 104.578830 21.860566 91.210566
951.783325 332.416370 -82.078012 104.578949 21.860590 91.210590
952.332267 332.360920 -82.205692 104.579072 21.860614 91.210614
952.889718 332.289085 -82.329147 104.579200 21.860640 91.210640
953.455017 332.198533 -82.447264 104.579332 21.860666 91.210666
954.027190 332.086199 -82.558552 104.579470 21.860694 91.210694
954.604963 331.949328 -82.661563 104.579613 21.860723 91.210723
955.186506 331.784203 -82.754312 104.579761 21.860752 91.210752
955.769324 331.586870 -82.834538 104.579916 21.860783 91.210783
956.350093 331.353203 -82.899684 104.580076 21.860815 91.210815
956.924561 331.079228 -82.947002 104.580242 21.860848 91.210848
957.487257 330.761016 -82.973428 104.580413 21.860883 91.210883
958.031762 330.395685 -82.976059 104.580588 21.860918 91.210918
958.550618 329.981385 -82.952118 104.580767 21.860953 91.210953
959.036510 329.518614 -82.899809 104.580947 21.860989 91.210989
959.483011 329.010013 -82.818431 104.581134 21.861053 91.211053
959.887374 328.461287 -82.709490 104.581321 21.861128 91.211128
960.249817 327.878965 -82.575625 104.581506 21.861202 91.211202
960.571666 327.268735 -82.419440 104.581688 21.861275 91.211275
960.854751 326.635309 -82.243292 104.581868 21.861347 91.211347
961.101794 325.982692 -82.049501 104.582044 21.861418 91.211418
961.314610 325.313847 -81.839725 104.582217 21.861487 91.211487
961.495783 324.631325 -81.615669 104.582388 21.861555 91.211555
961.647251 323.937065 -81.378619 104.582557 21.861623 91.211623
961.770610 323.232626 -81.129614 104.582724 21.861690 91.211690
961.867479 322.519303 -80.869596 104.582889 21.861756 91.211756
961.939230 321.798155 -80.599342 104.583053 21.861821 91.211821
961.986961 321.070073 -80.319491 104.583216 21.861886 91.211886
962.011590 320.335823 -80.030577 104.583377 21.861951 91.211951
962.013865 319.596085 -79.733055 104.583539 21.862016 91.212016
961.994376 318.851472 -79.427307 104.583700 21.862080 91.212080
961.953563 318.102559 -79.113657 104.583861 21.862144 91.212145
961.891728 317.349897 -78.792380 104.584023 21.862209 91.212209
961.809036 316.594033 -78.463707 104.584185 21.862274 91.212274
961.705523 315.835519 -78.127837 104.584348 21.862339 91.212339
961.581094 315.074932 -77.784934 104.584512 21.862405 91.212405
961.435524 314.312887 -77.435141 104.584677 21.862471 91.212471
961.268408 313.550063 -77.078570 104.584844 21.862538 91.212538
961.079132 312.787238 -76.715305 104.585014 21.862605 91.212605
960.867135 312.025218 -76.345459 104.585185 21.862674 91.212674
960.631519 311.264979 -75.969102 104.585360 21.862744 91.212744
960.370995 310.507743 -75.586281 104.585538 21.862815 91.212815
960.084374 309.754805 -75.197098 104.585719 21.862888 91.212888
959.769939 309.007839 -74.801635 104.585905 21.862962 91.212962
959.425576 308.268922 -74.400006 104.586021 21.863000 91.213007
959.049414 307.540246 -73.992487 104.586063 21.863000 91.213021
958.640119 306.823924 -73.579539 104.586106 21.863000 91.213035
958.196619 306.122128 -73.161738 104.586150 21.863000 91.213050
957.717790 305.437296 -72.739757 104.586195 21.863000 91.213065
957.203067 304.771711 -72.314387 104.586242 21.863000 91.213081
956.651973 304.127807 -71.886515 104.586289 21.863000 91.213096
956.064437 303.507905 -71.457115 104.586337 21.863000 91.213112
955.440792 302.914150 -71.027223 104.586386 21.863000 91.213129
954.781763 302.348440 -70.597901 104.586436 21.863000 91.213145
954.088431 301.812374 -70.170206 104.586487 21.863000 91.213162
953.362077 301.307353 -69.745180 104.586538 21.863000 91.213179
952.604350 300.834292 -69.323785 104.586589 21.863000 91.213196
951.817103 300.393706 -68.906884 104.586640 21.863000 91.213213
951.002237 299.985855 -68.495254 104.586692 21.863000 91.213231
950.161805 299.610514 -68.089517 104.586744 21.863000 91.213248
949.297809 299.267224 -67.690185 104.586796 21.863000 91.213265
948.412205 298.955264 -67.297649 104.586848 21.863000 91.213283
947.506898 298.673608 -66.912152 104.586899 21.863000 91.213300
946.583613 298.421204 -66.533875 104.586951 21.863000 91.213317
945.644008 298.196717 -66.162853 104.587002 21.863000 91.213334
944.689548 297.998849 -65.799080 104.587053 21.863000 91.213351
943.721569 297.826223 -65.442474 104.587104 21.863000 91.213368
942.741294 297.677350 -65.092865 104.587154 21.863000 91.213385
941.749753 297.550940 -64.750113 104.587204 21.863000 91.213401
940.747909 297.445532 -64.413977 104.587254 21.863000 91.213418
939.736591 297.359748 -64.084212 104.587304 21.863000 91.213435
938.716524 297.292279 -63.760567 104.587353 21.863000 91.213451
937.688337 297.241869 -63.442786 104.587402 21.863000 91.213467
936.652585 297.207286 -63.130597 104.587451 21.863000 91.213484
935.609756 297.187312 -62.823712 104.587500 21.863000 91.213500
934.560271 297.180806 -62.521858 104.587549 21.863000 91.213516
933.504494 297.186668 -62.224760 104.587597 21.863000 91.213532
932.442744 297.203837 -61.932148 104.587645 21.863000 91.213548
931.375299 297.231291 -61.643754 104.587693 21.863000 91.213564
930.302399 297.268039 -61.359317 104.587741 21.863000 91.213580
929.224254 297.313123 -61.078580 104.587788 21.863000 91.213596
928.141050 297.365611 -60.801291 104.587836 21.863000 91.213612
927.052946 297.424594 -60.527204 104.587884 21.863000 91.213628
925.960085 297.489187 -60.256079 104.587931 21.863000 91.213644
924.862590 297.558519 -59.987684 104.587979 21.863000 91.213660
923.760574 297.631720 -59.721780 104.588026 21.863000 91.213675
922.654138 297.707939 -59.458138 104.588074 21.863000 91.213691
921.543372 297.786325 -59.196535 104.588121 21.863000 91.213707
920.428363 297.866030 -58.936747 104.588169 21.863000 91.213723
919.309189 297.946203 -58.678555 104.588216 21.863000 91.213739
918.185928 298.025985 -58.421740 104.588264 21.863000 91.213755
917.058657 298.104505 -58.166085 104.588312 21.863000 91.213771
915.927453 298.180877 -57.911373 104.588360 21.863000 91.213787
914.792398 298.254196 -57.657387 104.588408 21.863000 91.213803
913.653579 298.323533 -57.403909 104.588456 21.863000 91.213819
912.511091 298.387931 -57.150719 104.588505 21.863000 91.213835
911.365041 298.446401 -56.897597 104.588554 21.863000 91.213851
910.215549 298.497917 -56.644319 104.588603 21.863000 91.213868
909.062753 298.541412 -56.390659 104.588652 21.863000 91.213884
907.906812 298.575765 -56.136388 104.588701 21.863000 91.213900
906.747910 298.599772 -55.881271 104.588751 21.863000 91.213917
905.586267 298.612241 -55.625071 104.588801 21.863000 91.213934
904.422135 298.611891 -55.367549 104.588852 21.863000 91.213951
903.255815 298.597273 -55.108454 104.588903 21.863000 91.213968
902.087657 298.567029 -54.847543 104.588954 21.863000 91.213985
900.918077 298.519563 -54.584557 104.589005 21.863000 91.214002
899.747520 298.453672 -54.319333 104.589053 21.863000 91.214018
898.576384 298.368881 -54.051925 104.589100 21.863000 91.214033
897.405039 298.265113 -53.782456 104.589148 21.863000 91.214049
896.233869 298.142206 -53.511045 104.589197 21.863000 91.214066
895.063262 298.000024 -53.237814 104.589245 21.863000 91.214082
893.893609 297.838451 -52.962895 104.589294 21.863000 91.214098
892.725291 297.657466 -52.686426 104.589344 21.863000 91.214115
891.558691 297.457040 -52.408549 104.589394 21.863000 91.214131
890.394189 297.237175 -52.129408 104.589444 21.863000 91.214148
889.232160 296.997909 -51.849153 104.589494 21.863000 91.214165
888.072978 296.739271 -51.567936 104.589545 21.863000 91.214182
886.916997 296.461391 -51.285914 104.589595 21.863000 91.214198
885.764561 296.164404 -51.003244 104.589647 21.863000 91.214216
884.616006 295.848475 -50.720087 104.589698 21.863000 91.214233
883.471661 295.513768 -50.436602 104.589749 21.863000 91.214250
882.331842 295.160479 -50.152951 104.589801 21.863000 91.214267
881.196824 294.788907 -49.869294 104.589853 21.863000 91.214284
880.066900 294.399276 -49.585794 104.589905 21.863000 91.214302
878.942329 293.991882 -49.302609 104.589958 21.863000 91.214319
877.823337 293.567081 -49.019896 104.590010 21.863000 91.214337
876.710177 293.125128 -48.737815 104.590063 21.863000 91.214354
875.603018 292.666475 -48.456515 104.590115 21.863000 91.214372
874.502086 292.191393 -48.176154 104.590168 21.863000 91.214389
873.407504 291.700371 -47.896871 104.590221 21.863000 91.214407
872.319461 291.193713 -47.618821 104.590274 21.863000 91.214425
871.238043 290.671929 -47.342135 104.590327 21.863000 91.214442
870.163403 290.135348 -47.066960 104.590380 21.863000 91.214460
869.095589 289.584491 -46.793420 104.590433 21.863000 91.214478
868.034709 289.019728 -46.521654 104.590486 21.863000 91.214495
866.980789 288.441561 -46.251779 104.590539 21.863000 91.214513
865.933889 287.850403 -45.983922 104.590592 21.863000 91.214531
864.894017 287.246729 -45.718195 104.590645 21.863000 91.214548
863.861183 286.630990 -45.454713 104.590698 21.863000 91.214566
862.835383 286.003634 -45.193586 104.590751 21.863000 91.214584
861.816584 285.365140 -44.934913 104.590804 21.863000 91.214601
860.804768 284.715929 -44.678801 104.590857 21.863000 91.214619
859.799862 284.056497 -44.425338 104.590910 21.863000 91.214637
858.801836 283.387246 -44.174626 104.590963 21.863000 91.214654
857.810589 282.708674 -43.926743 104.591016 21.863000 91.214672
856.826070 282.021173 -43.681786 104.591069 21.863000 91.214690
855.848161 281.325230 -43.439823 104.591121 21.863000 91.214707
854.876790 280.621233 -43.200946 104.591174 21.863000 91.214725
853.911828 279.909651 -42.965217 104.591227 21.863000 91.214742
852.953181 279.190873 -42.732720 104.591279 21.863000 91.214760
852.000714 278.465338 -42.503516 104.591332 21.863000 91.214777
851.054311 277.733447 -42.277674 104.591384 21.863000 91.214795
850.113841 276.995601 -42.055261 104.591436 21.863000 91.214812
849.179157 276.252216 -41.836330 104.591489 21.863000 91.214830
848.250143 275.503653 -41.620957 104.591541 21.863000 91.214847
847.326633 274.750328 -41.409182 104.591593 21.863000 91.214864
846.408492 273.992607 -41.201068 104.591645 21.863000 91.214882
845.495573 273.230860 -40.996673 104.591697 21.863000 91.214899
844.587716 272.465468 -40.796039 104.591748 21.863000 91.214916
843.684776 271.696781 -40.599225 104.591800 21.863000 91.214933
842.786599 270.925157 -40.406280 104.591852 21.863000 91.214951
841.893023 270.150953 -40.217244 104.591903 21.863000 91.214968
841.003894 269.374514 -40.032167 104.591955 21.863000 91.214985
840.119063 268.596167 -39.851104 104.592006 21.863001 91.215003
839.238410 267.816212 -39.674068 104.592061 21.863012 91.215024
838.361958 267.034798 -39.501027 104.592115 21.863023 91.215046
837.489748 266.252047 -39.331936 104.592169 21.863034 91.215067
836.621829 265.468076 -39.166761 104.592223 21.863045 91.215089
835.758233 264.683016 -39.005446 104.592276 21.863055 91.215111
834.899000 263.896992 -38.847944 104.592330 21.863066 91.215132
834.044166 263.110128 -38.694207 104.592384 21.863077 91.215153
833.193767 262.322547 -38.544187 104.592437 21.863087 91.215175
832.347839 261.534372 -38.397835 104.592490 21.863098 91.215196
831.506414 260.745726 -38.255100 104.592543 21.863109 91.215217
830.669526 259.956729 -38.115933 104.592596 21.863119 91.215239
829.837204 259.167507 -37.980282 104.592649 21.863130 91.215260
829.009479 258.378180 -37.848093 104.592702 21.863140 91.215281
828.186377 257.588872 -37.719314 104.592754 21.863151 91.215302
827.367928 256.799702 -37.593891 104.592807 21.863161 91.215323
826.554158 256.010790 -37.471773 104.592859 21.863172 91.215344
825.745093 255.222254 -37.352906 104.592911 21.863182 91.215364
824.940758 254.434216 -37.237235 104.592963 21.863193 91.215385
824.141176 253.646793 -37.124705 104.593014 21.863203 91.215406
823.346369 252.860104 -37.015261 104.593066 21.863213 91.215426
822.556359 252.074266 -36.908847 104.593117 21.863223 91.215447
821.771168 251.289396 -36.805408 104.593168 21.863234 91.215467
820.990821 250.505601 -36.704899 104.593219 21.863244 91.215488
820.215333 249.723004 -36.607256 104.593270 21.863254 91.215508
819.444722 248.941719 -36.512421 104.593320 21.863264 91.215528
818.679012 248.161854 -36.420349 104.593370 21.863274 91.215548
817.918217 247.383522 -36.330979 104.593420 21.863284 91.215568
817.162353 246.606839 -36.244254 104.593470 21.863294 91.215588
816.411445 245.831904 -36.160130 104.593520 21.863304 91.215608
815.665497 245.058841 -36.078539 104.593569 21.863314 91.215628
814.924539 244.287742 -35.999442 104.593618 21.863324 91.215647
814.188574 243.518729 -35.922770 104.593667 21.863333 91.215667
813.457626 242.751897 -35.848483 104.593716 21.863343 91.215686
812.731705 241.987357 -35.776520 104.593764 21.863353 91.215706
812.010823 241.225215 -35.706826 104.593812 21.863362 91.215725
811.295004 240.465565 -35.639361 104.593860 21.863372 91.215744
810.584253 239.708518 -35.574062 104.593908 21.863382 91.215763
809.878585 238.954173 -35.510879 104.593955 21.863391 91.215782
809.178014 238.202630 -35.449762 104.594002 21.863400 91.215801
808.482554 237.453986 -35.390662 104.594049 21.863410 91.215820
807.792219 236.708339 -35.333530 104.594096 21.863419 91.215838
807.107019 235.965787 -35.278314 104.594142 21.863428 91.215857
806.426968 235.226426 -35.224966 104.594188 21.863438 91.215875
805.752078 234.490351 -35.173437 104.594234 21.863447 91.215893
805.082361 233.757655 -35.123679 104.594279 21.863456 91.215912
804.417830 233.028430 -35.075646 104.594324 21.863465 91.215930
803.758499 232.302767 -35.029293 104.594369 21.863474 91.215948
803.104378 231.580758 -34.984571 104.594414 21.863483 91.215966
802.455478 230.862493 -34.941434 104.594458 21.863492 91.215983
801.811811 230.148060 -34.899837 104.594502 21.863500 91.216001
801.173396 229.437540 -34.859745 104.594546 21.863509 91.216018
800.540237 228.731028 -34.821104 104.594589 21.863518 91.216036
799.912350 228.028604 -34.783875 104.594632 21.863526 91.216053
799.289748 227.330352 -34.748018 104.594675 21.863535 91.216070
798.672441 226.636356 -34.713489 104.594718 21.863544 91.216087
798.060443 225.946697 -34.680249 104.594760 21.863552 91.216104
797.453767 225.261455 -34.648259 104.594802 21.863560 91.216121
796.852422 224.580713 -34.617478 104.594843 21.863569 91.216137
796.256427 223.904544 -34.587870 104.594884 21.863577 91.216154
795.665791 223.233027 -34.559397 104.594925 21.863585 91.216170
795.080527 222.566241 -34.532021 104.594966 21.863593 91.216186
794.500648 221.904259 -34.505706 104.595006 21.863601 91.216202
793.926169 221.247156 -34.480418 104.595046 21.863609 91.216218
793.357102 220.595005 -34.456122 104.595086 21.863617 91.216234
792.793461 219.947877 -34.432784 104.595125 21.863625 91.216250
792.235260 219.305843 -34.410372 104.595164 21.863633 91.216265
791.682512 218.668974 -34.388852 104.595202 21.863640 91.216281
791.135232 218.037338 -34.368193 104.595240 21.863648 91.216296
790.593432 217.411005 -34.348363 104.595278 21.863656 91.216311
790.057130 216.790037 -34.329337 104.595316 21.863663 91.216326
789.526339 216.174504 -34.311081 104.595353 21.863671 91.216341
789.001071 215.564471 -34.293566 104.595389 21.863678 91.216356
788.481346 214.959997 -34.276770 104.595426 21.863685 91.216370
787.967173 214.361151 -34.260658 104.595462 21.863692 91.216385
787.458573 213.767988 -34.245211 104.595497 21.863699 91.216399
786.955557 213.180574 -34.230398 104.595533 21.863707 91.216413
786.458141 212.598968 -34.216197 104.595568 21.863714 91.216427
785.966344 212.023225 -34.202584 104.595602 21.863720 91.216441
785.480178 211.453406 -34.189534 104.595636 21.863727 91.216455
784.999660 210.889567 -34.177024 104.595670 21.863734 91.216468
784.524806 210.331764 -34.165033 104.595704 21.863741 91.216481
784.055632 209.780051 -34.153540 104.595737 21.863747 91.216495
783.592156 209.234482 -34.142524 104.595769 21.863754 91.216508
783.134392 208.695110 -34.131966 104.595802 21.863760 91.216521
782.682358 208.161987 -34.121844 104.595833 21.863767 91.216533
782.236070 207.635164 -34.112141 104.595865 21.863773 91.216546
781.795544 207.114692 -34.102838 104.595896 21.863779 91.216558
781.360800 206.600617 -34.093921 104.595927 21.863785 91.216571
780.931851 206.092989 -34.085369 104.595957 21.863791 91.216583
780.508716 205.591857 -34.077167 104.595987 21.863797 91.216595
780.091412 205.097264 -34.069301 104.596016 21.863803 91.216607
779.679955 204.609258 -34.061754 104.596045 21.863809 91.216618
779.274363 204.127883 -34.054512 104.596074 21.863815 91.216630
778.874654 203.653181 -34.047563 104.596102 21.863820 91.216641
778.480844 203.185197 -34.040892 104.596130 21.863826 91.216652
778.092950 202.723973 -34.034486 104.596158 21.863832 91.216663
777.710990 202.269548 -34.028333 104.596185 21.863837 91.216674
777.334982 201.821963 -34.022424 104.596211 21.863842 91.216685
776.964943 201.381257 -34.016744 104.596238 21.863848 91.216695
776.600889 200.947470 -34.011285 104.596263 21.863853 91.216705
776.242839 200.520638 -34.006037 104.596289 21.863858 91.216716
775.890808 200.100798 -34.000988 104.596314 21.863863 91.216726
775.544815 199.687987 -33.996131 104.596338 21.863868 91.216735
775.204876 199.282240 -33.991455 104.596362 21.863872 91.216745
774.871009 198.883589 -33.986955 104.596386 21.863877 91.216754
774.543230 198.492071 -33.982619 104.596409 21.863882 91.216764
774.221557 198.107717 -33.978444 104.596432 21.863886 91.216773
773.906005 197.730560 -33.974419 104.596455 21.863891 91.216782
773.596592 197.360629 -33.970540 104.596477 21.863895 91.216791
773.293335 196.997956 -33.966799 104.596498 21.863900 91.216799
772.996248 196.642571 -33.963192 104.596519 21.863904 91.216808
772.705349 196.294502 -33.959711 104.596540 21.863908 91.216816
772.420655 195.953777 -33.956353 104.596560 21.863912 91.216824
772.142180 195.620424 -33.953111 104.596580 21.863916 91.216832
771.869940 195.294470 -33.949983 104.596599 21.863920 91.216840
771.603952 194.975940 -33.946962 104.596618 21.863924 91.216847
771.344230 194.664859 -33.944046 104.596637 21.863927 91.216855
771.090789 194.361253 -33.941231 104.596655 21.863931 91.216862
770.843644 194.065145 -33.938512 104.596672 21.863934 91.216869
770.602810 193.776557 -33.935887 104.596689 21.863938 91.216876
770.368302 193.495513 -33.933354 104.596706 21.863941 91.216882
770.140133 193.222034 -33.930908 104.596722 21.863944 91.216889
769.918317 192.956141 -33.928548 104.596738 21.863948 91.216895
769.702868 192.697854 -33.926272 104.596753 21.863951 91.216901
769.493799 192.447193 -33.924077 104.596768 21.863954 91.216907
769.291124 192.204177 -33.921961 104.596783 21.863957 91.216913
769.094855 191.968825 -33.919923 104.596797 21.863959 91.216919
768.905004 191.741153 -33.917962 104.596810 21.863962 91.216924
768.721583 191.521179 -33.916075 104.596823 21.863965 91.216929
768.544605 191.308920 -33.914261 104.596836 21.863967 91.216934
768.374081 191.104390 -33.912520 104.596848 21.863970 91.216939
768.210021 190.907606 -33.910850 104.596859 21.863972 91.216944
768.052437 190.718581 -33.909251 104.596871 21.863974 91.216948
767.901339 190.537330 -33.907721 104.596881 21.863976 91.216953
767.756737 190.363866 -33.906260 104.596892 21.863978 91.216957
767.618639 190.198201 -33.904868 104.596902 21.863980 91.216961
767.487057 190.040348 -33.903544 104.596911 21.863982 91.216964
767.361998 189.890317 -33.902287 104.596920 21.863984 91.216968
767.243471 189.748121 -33.901097 104.596928 21.863986 91.216971
767.131484 189.613768 -33.899974 104.596936 21.863987 91.216974
767.026044 189.487269 -33.898917 104.596944 21.863989 91.216977
766.927159 189.368632 -33.897927 104.596951 21.863990 91.216980
766.834835 189.257867 -33.897004 104.596957 21.863991 91.216983
766.749079 189.154980 -33.896146 104.596963 21.863993 91.216985
766.669897 189.059980 -33.895354 104.596969 21.863994 91.216988
766.597294 188.972873 -33.894629 104.596974 21.863995 91.216990
766.531275 188.893665 -33.893969 104.596979 21.863996 91.216992
766.471845 188.822362 -33.893375 104.596983 21.863997 91.216993
766.419008 188.758969 -33.892848 104.596987 21.863997 91.216995
766.372767 188.703491 -33.892386 104.596990 21.863998 91.216996
766.333126 188.655930 -33.891990 104.596993 21.863999 91.216997
766.300088 188.616291 -33.891660 104.596995 21.863999 91.216998
766.273655 188.584577 -33.891396 104.596997 21.863999 91.216999
766.253828 188.560789 -33.891198 104.596999 21.864000 91.216999
766.240610 188.544930 -33.891066 104.597000 21.864000 91.217000
766.234000 188.537000 -33.891000 104.597000 21.864000 91.217000
766.234000 188.537000 -33.891000 104.597000 21.864000 91.217000
